 1.17835170e-02  1.18838286e-02  1.75591505e-02]
 [ 1.92294322e-03  1.92044631e-03  2.14327402e-03]
 [ 9.64774121e-04  9.62947867e-04  1.02542854e-03]
 [ 2.32490350e-03  2.35965577e-03  3.28892208e-03]
 [ 8.30905384e-03  8.37025231e-03  1.06734039e-02]
 [ 3.42645073e-03  3.43579075e-03  3.89408264e-03]
 [ 8.26676063e-01  8.26635224e-01  9.04300113e-01]
 [ 8.46705643e-01  8.47701413e-01  8.95965334e-01]
 [ 3.28782661e-01  3.31638289e-01  3.77937926e-01]
 [ 8.61527057e-01  8.60681006e-01  9.30743557e-01]
 [ 8.17797068e-01  8.17490316e-01  8.79830400e-01]
 [ 8.49496262e-01  8.50226603e-01  9.01123243e-01]

 [-2.33865826e-01 -2.36290901e-01 -3.31214093e-01]
 [-2.20402323e-01 -2.21001079e-01 -2.85690745e-01]
 [-3.38258718e-01 -3.39398547e-01 -4.26312084e-01]
 [ 6.22064032e-01  6.22463141e-01  7.52271274e-01]
 [ 1.43648864e-01  1.48482261e-01  2.22741790e-01]
 [-2.14907367e-01 -2.16324570e-01 -3.06673213e-01]
 [-1.97289329e-01 -2.00713095e-01 -2.99027515e-01]
 [ 2.98793528e-01  2.97735387e-01  4.75233214e-01]
 [-2.83586868e-01 -2.87277559e-01 -3.83407604e-01]
 [-2.53998265e-01 -2.57291890e-01 -3.13181686e-01]
 [-3.04230778e-01 -3.04008296e-01 -3.91933320e-01]
 [-1.82983759e-01 -1.82246274e-01 -2.48378760e-01]

 [ 2.03048818e-02  1.31866457e-02  8.15163304e-03]
 [ 3.59955980e-01  4.50141440e-01  1.90950774e-01]
 [ 1.06170675e-02  4.39212863e-01  1.08745196e-02]
 [ 3.65052679e-01  3.96705473e-01  9.87969444e-02]
 [ 4.26483617e+00  2.17695984e+00  1.13057099e+00]
 [ 3.65622595e-01  8.01224272e-01  2.85827537e-01]
 [ 6.65984806e-01  6.69659747e-01  1.03040789e+00]
 [ 1.09871701e+00  1.18857557e+00  6.02209990e-01]
 [ 3.46977825e+01  3.49019169e+01  3.90144100e+01]
 [ 4.35466928e+01  3.78937411e+01  2.50943780e+01]
 [ 6.93602610e-02  6.95960512e-02  7.05643181e-02]

 [-3.00953585e-01 -2.98334625e-01 -1.07358584e-01]
 [ 1.12140806e-01  1.10078543e-01 -5.61886148e-02]
 [ 1.23701698e-01  1.21891490e-01  4.30237202e-01]
 [ 2.10437211e-01  2.08674003e-01  1.48340733e-01]
 [-4.14818959e-02 -4.07342727e-02  2.53650074e-01]
 [ 8.39873334e-02  8.29927426e-02 -1.13015576e-01]
 [ 6.93586499e-01  6.91610009e-01  7.85008614e-01]
 [ 2.94985109e-01  2.92388860e-01  1.04695068e-01]
 [-6.07265403e-01 -6.07119940e-01 -3.44315870e-01]
 [-1.54720539e-01 -1.53161304e-01 -3.45102523e-01]
 [-3.85275471e-01 -3.87213912e-01 -2.84984548e-01]
 [-6.71003982e-02 -6.84455444e-02 -2.29080490e-01]
 [ 6.71615067e+00  6.69971184e+00  6.58572081e+00]
 [ 2.47261018e+00  2.47093022e+00  2.15327845e+00]]
